 0	75	( 6/ 8)
 1	75	( 3/ 4)
 2	100	( 6/ 6)
 3	20	( 1/ 5)
 4	100	( 6/ 6)
 5	80	( 8/10)
 6	100	( 5/ 5)
 7	100	( 5/ 5)
 8	100	( 1/ 1)
 9	71	( 5/ 7)
10	100	( 2/ 2)
11	100	(16/16)
12	72	( 8/11)
13	100	( 4/ 4)
14	100	( 6/ 6)
15	57	( 4/ 7)
16	100	( 4/ 4)
17	75	( 6/ 8)
18	91	(11/12)
19	100	( 5/ 5)
20	100	( 2/ 2)
21	100	( 3/ 3)
22	100	( 1/ 1)
23	100	( 5/ 5)
24	85	( 6/ 7)
25	 0	( 0/ 2)
26	80	( 8/10)
27	50	( 1/ 2)
28	33	( 1/ 3)
29	85	( 6/ 7)
30	100	( 7/ 7)
31	75	( 3/ 4)
32	83	( 5/ 6)
33	100	( 8/ 8)
34	100	( 4/ 4)
35	33	( 1/ 3)
36	16	( 1/ 6)
37	100	( 5/ 5)
38	100	(16/16)
39	100	( 6/ 6)
40	78	(11/14)
41	88	( 8/ 9)
42	50	( 2/ 4)
43	100	(18/18)
44	100	( 3/ 3)
45	44	( 4/ 9)
46	100	( 8/ 8)
47	85	( 6/ 7)
48	100	(11/11)
49	89	(25/28)
50	70	( 7/10)
51	77	( 7/ 9)
52	100	(10/10)
53	75	( 6/ 8)
54	100	( 9/ 9)
55	100	( 6/ 6)
56	92	(13/14)
57	100	( 4/ 4)
58	100	( 1/ 1)
59	100	(14/14)
60	100	( 6/ 6)
61	66	( 2/ 3)
62	100	( 8/ 8)
63	100	( 5/ 5)
64	100	( 7/ 7)
65	100	( 6/ 6)
66	100	( 2/ 2)
67	100	( 8/ 8)
68	60	( 3/ 5)
69	100	( 1/ 1)
70	100	( 7/ 7)
71	80	( 4/ 5)
72	87	( 7/ 8)
73	100	(19/19)
74	93	(14/15)
75	100	(12/12)
76	75	(15/20)
77	100	(21/21)
78	100	(11/11)
79	75	( 3/ 4)
80	100	( 5/ 5)
81	100	(12/12)
82	94	(17/18)
83	84	(11/13)
84	84	(11/13)
85	70	( 7/10)
86	80	( 4/ 5)
87	100	( 5/ 5)
88	83	( 5/ 6)
89	84	(21/25)
90	93	(15/16)
91	66	( 2/ 3)
92	100	( 2/ 2)
93	66	( 6/ 9)
94	100	( 2/ 2)
95	16	( 1/ 6)
96	85	(12/14)
97	92	(12/13)
98	70	( 7/10)
99	85	( 6/ 7)
100	90	( 9/10)
101	100	( 6/ 6)
